6.41501
11.3324
5.57655
6.74594
8.84259
4.54835
9.92746
13.0523
6.7706
8.12355
7.03962
9.09344
1.80262
0.921878
9.74371
11.529
10.1283
10.8408
13.8004
4.14165
5.21115
7.99552
11.3297
8.5753
8.35131
7.55261
10.8819
7.39209
6.80161
9.6557
4.77812
8.92494
9.87561
7.58944
6.88377
8.97465
9.95935
8.28207
9.70666
-1.10491
3.26471
9.26206
4.47521
9.04227
10.9814
5.71502
5.06362
7.94572
5.18116
5.90741
12.5713
2.21805
6.84003
10.9306
7.35424
5.44375
11.4817
10.4113
7.68971
8.95206
6.70861
3.11082
5.09382
10.1226
7.73464
6.29322
4.62473
8.98187
7.39916
9.72525
3.71788
8.37397
5.4621
6.56829
4.30444
6.50761
4.02704
8.98731
7.93634
10.124
2.8419
10.284
8.53746
8.91884
8.55458
8.48077
9.8647
11.2646
10.3311
7.60633
4.14401
4.05256
12.1601
4.82601
2.07133
5.89588
9.44828
10.1541
9.14012
9.40785
3.14035
3.91131
15.1668
8.05185
8.46902
7.54531
8.08916
9.67017
10.9697
12.5122
8.82789
11.3079
-3.28088
3.14602
6.66471
8.38645
12.9179
5.30458
11.2265
0.681189
9.92583
7.96766
7.83191
8.76013
5.28136
11.9023
14.6252
7.27262
8.42568
9.06274
7.9917
8.64411
6.28808
4.95475
9.84577
7.62976
7.95889
4.28641
7.78647
10.1023
-1.36678
9.38246
4.67773
7.01878
8.29668
11.0336
1.00915
8.28111
10.4383
15.4314
9.33971
6.22439
6.32507
7.90722
10.0624
10.0238
11.4881
11.0439
2.82029
16.7689
9.03917
10.0784
12.403
6.14948
10.0883
6.75495
9.73936
14.9364
4.44847
5.8046
2.74015
8.67912
1.7082
7.51596
7.43176
8.74849
6.69612
4.04451
7.53533
12.8687
11.7031
8.85361
11.5531
8.60649
3.2499
9.52343
7.22105
10.11
12.1371
9.37466
8.81266
5.95996
10.215
7.18787
16.1403
5.86699
11.4004
10.8305
10.1448
13.5003
11.7841
8.34145
14.1114
6.81876
5.47382
3.50427
2.69607
5.56861
7.71882
3.66376
13.6584
3.75789
10.7816
12.2903
5.18982
8.18253
5.76811
8.92654
12.5361
4.15851
13.2142
10.2391
6.84684
8.05519
3.24106
7.37713
2.91347
6.20838
7.42831
7.13024
7.09766
6.1782
8.1425
10.4684
8.03126
11.1083
6.16587
7.4093
4.9957
3.39719
13.3084
8.90272
11.6204
8.16104
2.47614
14.5525
3.43066
10.8132
9.30287
4.08771
6.9219
9.77852
3.33082
7.19307
8.34265
4.71529
7.04155
9.60152
6.1732
6.26722
8.6382
5.07284
7.87566
11.1587
8.90724
6.37601
3.58191
9.92406
10.1697
6.17275
8.05694
14.5633
7.69085
12.4871
9.59184
9.97044
8.8912
9.1407
9.79468
6.67643
12.9425
7.77793
5.8947
10.5036
16.5389
4.75784
12.3513
5.19371
4.7523
8.53945
9.32576
4.87513
8.16335
5.53817
10.2167
4.7912
1.66601
7.96961
5.33496
11.4378
10.9694
5.78806
10.3885
5.844
10.1243
7.44138
7.69941
6.05647
9.43637
1.7977
6.67522
7.53352
7.27773
7.12245
13.1213
0.81768
11.5181
7.32245
8.99704
5.56312
2.23084
6.088
6.40609
3.59324
11.3544
2.08858
10.4902
4.71755
6.23867
16.8099
10.3315
5.24403
10.4086
8.21038
8.0066
11.1597
10.2905
6.50888
11.7638
5.24932
9.13391
9.72394
13.4698
10.7347
2.43204
7.25208
8.78574
12.3989
7.96681
9.75703
8.61757
7.00276
5.01291
7.33954
6.62484
7.80366
7.77403
9.34548
8.66915
5.84165
10.6225
7.84168
0.745367
2.38438
7.79209
8.23022
10.3754
10.0072
7.91333
3.87661
10.8479
6.00961
4.95325
8.45995
11.1841
14.5539
7.35365
4.63913
11.7749
7.92901
8.96985
8.68595
3.78131
9.36449
4.87682
7.3063
4.1786
7.00325
9.84602
10.3145
8.78821
8.66454
9.6797
8.37488
7.58122
10.9623
5.39039
3.98436
15.6548
6.23948
14.0095
2.30506
9.31769
7.29463
6.5064
7.82691
10.5051
5.83989
12.4369
4.3905
12.0049
3.16346
10.8235
10.5841
10.3663
14.8976
2.31185
4.99621
10.7736
2.41648
7.61427
6.04544
8.08151
9.63878
2.36713
3.26134
11.0758
4.66924
7.27237
9.31663
2.72679
11.2741
4.11479
9.97432
6.65432
6.09064
4.3416
11.0307
1.10962
8.54987
8.43299
9.29177
5.10282
3.98898
11.2255
8.68291
9.54098
1.9318
6.12993
11.6255
9.36157
10.835
14.6989
7.84687
8.91456
9.42355
5.85191
15.3293
14.4539
9.80828
8.32682
3.51161
8.97589
6.89815
10.6951
14.279
9.15104
8.95269
3.70246
11.8887
5.60897
7.94766
4.11208
6.32492
8.34785
8.83093
13.3602
5.14814
0.509631
4.8197
9.41624
7.60217
8.13746
6.81268
11.6074
12.3173
10.1613
8.97347
7.81576
2.53941
5.04106
5.00941
8.6462
16.0792
6.86594
6.32363
8.20169
4.77718
14.0612
7.31815
5.34004
5.74106
7.76303
5.53085
12.7579
10.163
2.40697
8.17036
8.92123
7.2651
10.3275
4.34588
6.67033
6.46252
7.71143
0.680837
9.33568
7.03741
8.27415
10.8666
7.52948
4.97252
7.17147
5.92832
10.0019
6.36352
5.23954
7.80921
5.64358
9.35677
7.05143
3.82806
5.5069
3.61549
3.6078
13.0261
9.75578
7.12867
7.34565
12.4898
11.7977
11.456
5.07985
4.44516
7.00184
9.8985
6.95137
9.49003
2.43655
6.79423
10.032
2.82767
15.5171
12.5637
5.84871
9.27611
6.04781
10.3572
6.82317
7.06359
4.09107
2.02946
10.9851
12.1528
9.14405
10.7879
8.23138
7.77327
8.97512
5.59906
12.9656
9.30136
7.38996
11.7472
11.1851
14.5307
10.4114
11.9164
7.72788
10.5177
10.9598
2.76217
5.38079
6.9061
7.7915
11.5248
2.00308
4.43944
10.0841
10.2575
11.441
11.0976
8.94011
9.25953
8.70308
6.7976
9.04347
14.7147
3.71429
7.75282
4.98452
10.4833
4.30637
4.79549
11.2988
4.1589
15.5301
13.5659
2.7905
10.92
6.0206
12.8925
9.47045
9.86749
13.037
3.92531
6.86797
11.6216
9.26435
8.06955
5.74527
4.90613
10.5556
10.6006
18.0489
10.367
13.8163
8.64618
3.86538
8.32797
-1.3274
4.3285
5.01872
7.60197
7.08891
4.47795
2.9871
10.3071
6.48598
11.7869
7.9789
6.01307
2.30799
8.92462
2.57679
11.0203
1.32233
2.34941
5.68245
4.73737
12.3836
5.65939
7.57052
7.67511
10.6489
9.56428
11.048
9.29763
12.6092
10.1214
9.72187
2.03738
10.4914
8.39511
7.61834
14.1676
6.95775
7.96479
4.31744
5.19571
6.37068
8.18405
7.1627
1.07153
6.94847
4.28578
5.21353
10.9906
5.45747
6.66385
7.83048
1.0244
3.86046
0.707751
11.0668
6.56547
7.39241
11.897
3.94229
9.32611
9.50637
7.87561
10.6778
7.58414
7.18532
3.97345
9.81977
9.04931
6.75592
7.64857
5.89102
8.00939
10.9918
8.63839
10.3638
11.3075
12.8081
10.3841
7.55897
7.85457
3.05517
5.22174
3.5419
6.7261
6.17095
8.47655
7.21686
12.3068
7.30854
3.84093
11.318
0.497586
4.72949
6.59615
7.48512
7.55308
10.6985
9.6417
5.86165
3.70379
5.26234
8.48609
5.07903
0.539092
10.1915
8.31981
7.83009
5.23988
4.87357
6.83656
10.5475
8.26698
7.93621
15.4348
9.04649
7.91058
7.09474
5.73213
7.61137
9.19285
10.8316
6.7914
3.47089
7.45346
6.11837
6.04446
5.72303
4.10509
9.41617
9.92995
8.35553
6.81354
10.876
5.64856
4.95078
5.94358
6.23125
5.93736
2.01286
9.55079
5.81931
3.92182
5.53534
6.31374
3.16426
7.00286
5.70782
7.1612
5.57765
5.64085
10.424
4.91646
7.98464
5.48052
4.62046
7.58333
0.691731
4.71326
10.4615
5.70655
2.50972
7.99085
2.93777
8.86634
9.07452
7.08472
12.5814
6.07035
8.55486
3.90735
11.5597
14.4189
5.90375
9.43509
7.79966
10.1464
12.3259
11.7128
9.09031
11.5634
5.55364
11.2803
7.49199
4.11988
9.13954
4.39404
4.84692
5.9055
4.83201
2.26203
7.4484
9.30508
8.43278
11.0339
10.7885
8.25164
9.93185
7.57152
5.62606
5.76907
2.33417
7.76278
10.7349
8.68211
11.8663
4.66079
5.25087
7.40367
6.40448
4.47618
12.8715
3.31532
4.25249
6.91513
6.26271
6.65666
6.46124
6.52697
11.2184
6.11396
7.71522
6.20407
2.15629
5.62942
10.5999
13.5699
4.1346
5.72678
7.06297
6.98472
10.8482
11.2061
7.02159
14.4515
4.95477
3.93376
11.5169
11.1383
8.64159
6.08053
12.0081
9.7988
6.49162
9.47999
4.85552
4.11464
6.09923
2.64243
5.09246
2.7164
9.82949
8.61664
6.48662
10.9786
10.3391
8.47887
9.50167
10.3746
7.23008
5.98733
7.52667
8.6984
8.88132
8.59566
4.93474
5.29186
7.62322
6.24469
9.08594
7.17414
7.8495
9.97015
8.99035
3.90806
10.259
7.20546
4.52958
6.16538
9.63609
10.5768
5.00455
10.1325
2.84359
8.27847
4.50806
8.48387
8.95469
9.67783
7.4756
7.32775
8.12367
9.6258
8.51065
10.4247
3.43086
6.81533
6.20284
9.63275
12.2094
3.46359
11.1087
7.39527
5.0155
3.23185
1.45621
13.3597
5.73605
6.56702
11.5862
11.8928
7.08905
10.4696
10.1425
5.02981
11.7607
6.53881
9.05105
5.06489
6.12623
13.698
8.2719
9.86047
10.3134
4.89975
2.5351
9.16721
4.66768
2.35898
6.6021
1.68075
6.20608
3.53578
-0.796035
1.39948
9.63193
7.67391
7.29496
6.21837
11.4925
8.66812
12.2924
2.10098
7.18413
1.05515
9.81954
10.4702
5.21464
11.399
7.06901
8.53744
12.0009
5.55104
8.24434
3.06123
0.220367
7.98469
6.19889
9.01649
6.4262
10.2374
9.27837
7.30887
6.10977
5.99526
3.96326
8.21657
9.79231
3.28368
14.7157
4.98645
