0.917985 1.24573 0.3
3.74711 1.4087 0.3
4.68761 1.85358 0.3
5.57915 1.4138 0.3
6.33086 1.2098 0.3
7.52085 1.29541 0.3
7.9241 1.61304 0.3
9.19705 1.57229 0.3
10.4573 1.89083 0.3
12.0654 1.63694 0.3
11.4364 2.24972 0.3
12.5572 1.84272 0.3
13.8578 1.17774 0.3
14.3948 2.39324 0.3
15.7068 2.3166 0.3
17.9053 2.53644 0.3
18.9654 2.81573 0.3
18.8772 2.68609 0.3
20.6407 2.76559 0.3
21.3305 2.93757 0.3
21.9392 3.31377 0.3
22.5321 2.90187 0.3
24.4298 3.35938 0.3
25.6682 3.39396 0.3
25.6587 3.39838 0.3
26.6001 3.23602 0.3
28.1427 3.01138 0.3
29.7412 3.56786 0.3
30.3417 3.56386 0.3
30.7994 3.36438 0.3
31.6448 4.20419 0.3
33.3033 3.74789 0.3
33.8974 4.40309 0.3
34.495 4.25496 0.3
35.8101 4.1629 0.3
37.0676 4.33103 0.3
38.5967 4.74748 0.3
38.1655 4.56132 0.3
40.4952 4.73822 0.3
41.7644 5.11625 0.3
41.8739 5.18709 0.3
43.0061 5.24447 0.3
43.8555 5.06195 0.3
45.2488 4.57833 0.3
45.3557 5.30213 0.3
46.6439 5.70957 0.3
47.778 5.06418 0.3
48.7937 5.82187 0.3
50.1949 5.53991 0.3
51.7579 6.26036 0.3
