0.779544 8.93108 1.3
2.07859 9.59963 1.3
2.88117 12.6204 1.3
4.11049 15.319 1.3
5.0446 17.8334 1.3
5.93306 19.4627 1.3
6.94502 23.9522 1.3
7.78689 24.488 1.3
8.69982 26.1883 1.3
9.85753 31.5417 1.3
11.0356 36.1159 1.3
12.0711 37.6832 1.3
12.7082 40.992 1.3
13.6707 43.8684 1.3
14.8227 46.5515 1.3
15.9603 54.444 1.3
17.1039 57.8329 1.3
18.1287 57.8129 1.3
18.9651 64.9288 1.3
20.1276 67.8704 1.3
20.8531 71.8276 1.3
22.0712 76.545 1.3
22.8564 80.4736 1.3
24.0501 84.7617 1.3
24.8781 89.1549 1.3
25.5421 93.1705 1.3
27.1709 100.762 1.3
28.1568 103.536 1.3
28.8877 105.115 1.3
30.002 111.934 1.3
30.8129 116.448 1.3
32.1991 124.117 1.3
33.1642 129.155 1.3
34.2563 135.063 1.3
34.8878 138.785 1.3
35.7548 145.809 1.3
36.9992 152.497 1.3
37.8572 157.994 1.3
38.7279 163.346 1.3
40.0521 170.237 1.3
40.9343 174.269 1.3
41.934 179.228 1.3
43.0203 187.463 1.3
44.2885 197.165 1.3
44.9464 201.388 1.3
45.6831 206.836 1.3
46.5811 212.282 1.3
48.0144 222.987 1.3
48.8431 229.201 1.3
49.9179 236.949 1.3
