10.8868
8.43876
9.07202
9.61542
6.83977
5.47976
6.75295
6.36371
4.60205
9.36995
8.09613
9.76931
3.99648
3.18082
6.45104
-1.67457
4.87146
7.92473
6.23719
8.09026
3.95756
7.67432
7.4107
-1.18744
2.96392
7.96258
7.8825
2.62146
4.04916
6.56339
13.5078
9.84179
7.65484
-0.628186
4.83596
8.30005
4.13967
4.32385
9.84881
1.85905
3.72219
6.65337
5.10963
5.6589
3.23192
8.45409
6.76083
5.23722
2.17005
3.33857
7.02127
6.49063
7.53176
0.917298
-1.61644
4.24697
5.76585
8.97461
3.6113
2.47761
4.05096
7.02967
4.55259
5.37434
6.32123
11.0787
4.65593
0.249859
4.13223
10.0658
9.21763
6.07309
8.93178
4.78324
7.13601
11.131
2.19134
0.231722
4.24853
9.05572
3.33406
2.83954
13.0999
6.12625
12.5114
2.40644
2.56138
7.97688
8.73908
5.51555
5.73945
-2.50518
4.93725
8.07107
7.24985
3.70056
5.02379
3.6009
4.23126
8.69223
7.73569
2.3471
3.79083
-2.41358
2.76758
8.40235
-0.102334
3.68735
3.96252
3.9191
0.0993225
5.20805
8.0051
1.00496
6.3452
6.14437
8.40706
5.66179
8.45047
-3.4738
2.65157
4.13081
9.59545
7.07042
4.12608
1.32579
6.28325
11.7335
5.05162
5.10908
4.28802
3.11918
10.7669
4.04701
12.0672
3.14869
-0.544273
3.97055
7.95548
6.74784
13.6799
4.56687
11.4776
9.11382
6.52952
-1.07263
1.13376
15.4885
4.64553
4.47728
5.88731
6.47517
2.51672
7.0643
2.47393
6.14712
5.07399
6.46046
6.53223
5.54059
4.86369
3.15043
6.66707
7.32642
-2.31304
5.38384
-3.79272
5.27909
7.0662
10.6351
10.3457
5.80997
-3.14433
-0.927659
3.81569
-1.12561
-1.10542
3.65712
5.4604
5.88947
7.62228
5.40832
6.29758
5.00381
3.08034
7.4108
3.25085
3.63777
8.77093
7.90175
2.13275
0.0616539
2.82478
-0.44481
2.98583
2.6231
-0.341063
7.19788
0.0668244
8.27716
9.18482
11.9684
7.31119
8.46649
7.06163
4.11688
6.8514
3.62956
6.2322
1.96784
-0.689779
7.66044
6.31618
-0.118923
4.4827
11.2303
5.88065
4.07988
8.05001
10.1398
1.69126
5.96266
8.84869
7.74932
3.31659
1.25
7.5798
9.90662
4.85007
1.1657
4.01661
9.28081
-2.06771
13.2571
1.46918
5.68169
3.49244
9.15786
-1.66383
2.53647
4.62923
9.56971
1.25755
5.40049
2.65664
2.47754
10.7312
0.300765
3.00793
3.17521
0.0597781
6.8808
8.6654
8.18077
7.39037
10.5579
7.95625
1.93178
5.98579
5.94492
7.77775
4.44728
3.86271
5.67703
4.75889
7.90245
-1.08134
4.89406
12.3352
2.36375
5.33414
3.869
4.59104
5.91139
4.78282
7.63985
2.41548
6.05898
4.86989
6.48863
7.87331
4.19932
1.87814
4.67157
7.42578
10.3109
12.1785
-1.68052
4.88027
5.08267
3.72038
1.30279
5.78311
8.78321
6.57945
10.908
4.16434
6.00716
3.26409
11.1052
0.886143
8.54224
9.39042
8.181
12.8678
8.1864
4.24741
6.68207
10.2112
0.88513
-0.237498
5.7938
4.78324
4.60701
-1.66192
9.34146
3.47073
5.39465
0.219121
8.52013
4.99011
5.67141
7.39949
6.21293
7.78485
3.20672
7.30779
4.07622
9.00544
4.1794
-3.43751
0.850302
9.70258
6.50473
3.23554
9.91085
12.9119
4.16546
7.26456
4.20971
7.94054
6.99259
9.4108
1.73667
4.31855
7.68804
2.44346
4.84415
3.13933
2.39956
6.94041
4.4159
5.82163
6.20045
4.90502
3.69499
8.23379
8.35676
3.40863
2.5293
6.36109
5.37571
5.94842
4.31088
4.88559
1.94298
5.47319
3.70055
3.1949
5.6203
-2.52548
1.74965
4.28981
9.33017
7.41263
-0.499089
2.02643
-1.53577
2.18231
1.52349
4.68509
10.1538
3.38399
5.72323
1.52917
8.83753
8.91012
6.26786
1.25929
4.17608
5.03806
6.75537
8.51012
0.518588
1.84306
8.57598
5.38823
4.963
5.27908
8.58883
3.07763
5.5534
9.1695
5.4265
10.1528
4.45702
6.10146
4.86203
7.33837
1.21811
3.36697
7.48398
4.44274
3.53265
3.03356
6.18727
3.67624
10.8541
3.58864
14.5094
12.6544
1.99015
0.978681
2.60652
6.67854
6.45352
2.05747
5.70371
5.07667
5.80796
4.58861
5.18236
8.75409
-1.76809
9.20195
7.06052
6.12642
4.26902
2.11765
9.37884
6.83133
5.33215
10.5229
2.43266
11.1825
6.15584
8.62071
5.80677
6.11272
5.2194
11.8204
6.29499
0.698124
0.727302
1.60834
9.0614
5.35898
5.16085
6.59937
2.85699
5.97767
6.21174
0.545661
8.57727
4.05674
9.27534
7.41771
5.30217
4.448
1.00412
2.04384
5.44614
6.54249
3.94104
5.18533
5.95248
5.86677
8.86069
6.42698
7.52877
2.80691
4.55316
7.64627
6.70866
5.85744
9.77062
14.3111
6.65178
9.15102
5.8533
3.18916
1.50886
5.02744
7.26488
-0.0602045
7.43711
5.23865
6.48669
5.29893
3.05685
4.10416
6.98387
11.2894
10.63
2.29964
10.1568
6.36632
0.427093
0.741354
5.58595
9.15559
8.45257
4.70903
1.99458
4.42864
9.68301
4.76325
9.42906
2.92528
9.14441
5.35859
1.73324
-1.14449
2.87797
7.9493
11.0883
2.95162
3.55162
3.29396
1.33211
5.31791
4.13521
3.0008
9.28422
7.72782
3.78412
4.55748
0.978752
4.2057
1.01303
6.4487
9.20149
7.41598
8.34328
0.177045
4.91246
7.93005
3.4826
5.911
2.08096
12.5969
6.28177
3.08197
3.29921
9.80063
8.70965
6.45212
6.22449
9.86372
4.13398
1.26079
8.58282
7.0165
5.71803
-1.2043
2.44444
8.33415
5.33179
-0.644931
6.0246
4.13759
-0.627153
5.01203
3.94255
6.97156
9.86539
4.3684
5.68539
5.76588
9.76712
3.94362
4.22313
6.15943
8.66877
6.07208
5.36343
4.76636
8.27266
10.0745
5.57774
4.91458
5.58393
5.98448
2.70448
6.34478
11.0863
5.69139
12.9951
4.39541
0.466575
6.10832
6.56143
5.797
6.48729
11.2088
2.50582
8.37931
6.55187
2.22867
4.32061
2.29707
9.88342
7.50465
7.13808
5.81384
4.40632
5.04098
1.06965
7.73111
8.9922
11.2784
6.13788
7.43673
2.05875
10.6928
9.04409
4.46807
7.85918
8.51478
5.75937
4.30505
4.0616
6.57849
4.68149
5.5427
7.78953
-0.176553
-3.2325
6.25967
8.32658
5.60207
2.91404
5.75473
4.73507
6.33166
2.27894
6.14963
5.07872
2.20284
5.84956
3.741
4.57963
4.65645
0.966086
3.26926
8.05494
6.57283
10.9867
4.3109
4.65715
1.74207
3.88034
7.30966
3.1332
5.51671
4.24145
9.81931
7.07616
2.33152
4.44125
7.34493
2.0009
6.28382
0.271705
0.880512
7.85892
6.6322
-1.36012
9.56287
6.12902
5.30578
8.14905
3.34643
5.95818
6.11906
3.04987
2.2892
2.75485
4.86119
5.09508
2.72689
3.77441
7.53296
3.02394
5.2296
4.68588
9.47402
0.368946
3.33492
3.50771
7.25612
8.80365
6.84736
3.02261
3.85657
8.88532
4.815
4.58428
8.34511
2.46619
3.2219
9.76966
2.05465
8.89217
6.35714
13.049
3.96484
4.47804
10.6266
3.11815
0.617461
4.61193
5.20721
4.97391
1.62323
5.70863
9.18122
8.07646
7.72165
3.81094
3.50848
8.07956
-0.649688
6.58744
5.70265
3.48594
2.49853
5.37524
7.21814
9.34504
2.40112
5.84167
9.3248
-0.966871
6.38331
4.49164
1.70282
5.85547
6.8372
4.18164
2.69778
3.94657
4.29907
9.14378
-1.0181
6.51648
6.71831
1.80595
1.26039
4.17635
6.55416
2.34136
8.52304
3.52885
5.47267
5.75914
4.27733
0.786143
4.20015
3.53361
1.80483
4.11605
-1.48729
6.6346
-3.23598
7.04678
5.60775
4.206
9.31905
3.64196
11.2579
9.42479
1.06343
4.02854
5.24301
6.04163
8.67557
10.2391
1.6122
7.04649
2.56126
7.75459
2.70869
2.04212
1.21044
5.7326
7.37463
3.23453
5.73418
3.73292
6.78345
1.33039
1.44012
1.66104
0.214144
7.76236
0.367177
5.70318
12.3105
7.27923
6.77913
6.22011
-0.789897
9.48042
9.02102
4.5843
6.71954
1.95731
2.15973
2.20082
2.49541
6.54535
5.56852
0.42013
10.467
3.31776
7.21228
4.68717
12.2061
1.96027
2.89669
3.93058
3.23414
5.80761
7.9317
6.45966
6.22214
1.87109
11.1177
6.25959
2.47282
4.63473
0.448238
4.63385
16.1536
11.3901
4.48062
0.831015
4.63836
4.21773
5.81116
8.46989
4.90264
5.87666
0.491219
5.89143
10.4131
0.933499
4.7454
12.2123
10.7852
12.7259
6.71062
6.8224
2.8049
8.43616
6.83179
3.5176
5.4358
-1.45763
6.91162
5.93873
1.08012
2.15618
4.3111
6.93932
12.9643
0.992236
7.69399
5.63805
4.43996
4.47478
5.54295
12.0732
1.77014
5.41166
3.03985
5.27804
2.46271
3.98455
6.59235
6.95113
2.3406
9.82684
5.27318
10.9618
2.61853
8.32689
4.95207
7.74416
5.51767
7.01526
3.98725
6.21584
5.9461
4.80245
-0.149058
7.39928
8.50843
6.59427
6.12255
11.3503
6.2159
4.92547
3.9137
9.2421
7.6279
5.24561
6.24051
7.18832
5.82196
8.43916
7.77501
3.63527
6.46024
5.08799
3.58413
-0.0776541
6.73199
-4.70462
9.10442
5.81566
5.69675
4.48201
3.60378
-1.45469
6.99162
10.8627
6.07264
6.79121
0.179356
5.65227
9.18196
5.17225
-3.35889
2.75262
3.91397
4.92678
2.28414
-2.10348
5.55238
0.986401
5.6477
4.66275
0.914939
9.45441
2.39684
5.64812
5.77887
11.9524
5.57449
5.61776
8.85105
8.76693
5.10676
9.50678
5.67938
2.77293
0.698997
4.51684
6.52708
2.60111
2.35916
0.907782
7.82551
3.84118
4.11375
6.10423
5.96567
9.50622
3.04403
5.2679
4.16216
4.32421
9.51042
4.07643
6.09734
0.694181
10.7842
4.64628
4.92378
5.69157
6.22197
0.247369
4.49428
9.67901
2.15926
0.029769
4.18932
12.6823
