1.88977 259.72 0.3 0.3
3.03929 32.4959 0.3 0.3
3.94058 16.0834 0.3 0.3
5.05525 9.55112 0.3 0.3
6.0223 7.25718 0.3 0.3
6.96653 5.86947 0.3 0.3
7.97251 5.4911 0.3 0.3
8.89345 4.60765 0.3 0.3
9.84991 4.05755 0.3 0.3
10.9288 4.22618 0.3 0.3
12.0178 4.24152 0.3 0.3
13.0355 3.69659 0.3 0.3
13.8541 3.88761 0.3 0.3
14.8354 3.71297 0.3 0.3
15.9113 3.32617 0.3 0.3
16.9802 4.13715 0.3 0.3
18.052 3.88383 0.3 0.3
19.0644 2.93081 0.3 0.3
19.9825 3.78258 0.3 0.3
21.0638 3.34647 0.3 0.3
21.9266 3.54635 0.3 0.3
23.0356 3.42056 0.3 0.3
23.9282 3.52503 0.3 0.3
25.0251 3.27429 0.3 0.3
25.9391 3.40789 0.3 0.3
26.771 3.61709 0.3 0.3
28.0854 3.57582 0.3 0.3
29.0784 3.09999 0.3 0.3
29.9439 2.62231 0.3 0.3
31.001 2.8911 0.3 0.3
31.9064 2.96497 0.3 0.3
33.0995 3.0482 0.3 0.3
34.0821 3.0098 0.3 0.3
35.1282 2.98945 0.3 0.3
35.9439 3.03494 0.3 0.3
36.8774 3.5251 0.3 0.3
37.9996 3.41655 0.3 0.3
38.9286 3.52497 0.3 0.3
39.864 3.56572 0.3 0.3
41.026 3.30712 0.3 0.3
41.9671 2.98301 0.3 0.3
42.967 2.68452 0.3 0.3
44.0102 2.99119 0.3 0.3
45.1443 3.33542 0.3 0.3
45.9732 3.31197 0.3 0.3
46.8416 3.44012 0.3 0.3
47.7906 3.30382 0.3 0.3
49.0072 3.51325 0.3 0.3
49.9215 3.61802 0.3 0.3
50.959 3.65887 0.3 0.3
