0.779544 54.9021 1.3
2.07859 54.4676 1.3
2.88117 56.7184 1.3
4.11049 58.1035 1.3
5.0446 59.5088 1.3
5.93306 59.9923 1.3
6.94502 63.0668 1.3
7.78689 62.3345 1.3
8.69982 62.565 1.3
9.85753 65.9106 1.3
11.0356 68.2738 1.3
12.0711 67.7555 1.3
12.7082 69.7142 1.3
13.6707 70.4536 1.3
14.8227 70.4236 1.3
15.9603 75.4689 1.3
17.1039 75.8263 1.3
18.1287 72.9444 1.3
18.9651 77.6225 1.3
20.1276 77.0225 1.3
20.8531 78.6791 1.3
22.0712 79.3774 1.3
22.8564 80.6113 1.3
24.0501 80.6465 1.3
24.8781 81.9792 1.3
25.5421 83.4754 1.3
27.1709 84.641 1.3
28.1568 83.3563 1.3
28.8877 81.8452 1.3
30.002 83.8188 1.3
30.8129 84.7062 1.3
32.1991 85.9799 1.3
33.1642 86.4192 1.3
34.2563 86.9824 1.3
34.8878 87.545 1.3
35.7548 90.1494 1.3
36.9992 90.3304 1.3
37.8572 91.2291 1.3
38.7279 91.8224 1.3
40.0521 91.2983 1.3
40.9343 90.2716 1.3
41.934 89.3854 1.3
43.0203 91.1332 1.3
44.2885 93.0842 1.3
44.9464 93.2112 1.3
45.6831 94.0127 1.3
46.5811 93.7085 1.3
48.0144 95.0435 1.3
48.8431 95.7315 1.3
49.9179 96.1958 1.3
