7.24075
8.97445
7.64514
7.35543
5.92712
5.65565
5.55679
6.92788
7.30126
5.88366
6.61991
7.9647
6.01493
9.03508
7.51647
7.01382
8.43243
7.66629
6.30968
5.89541
7.96478
6.85232
8.16306
7.1876
5.89579
6.03552
6.5467
6.02992
6.45654
7.92576
10.7585
7.2006
8.41695
5.71212
8.68291
9.60356
7.17974
8.74341
8.82705
8.03344
5.71422
6.81306
7.98619
7.30257
7.47048
6.2139
8.20393
8.40994
8.78707
5.83309
8.97385
8.74454
7.67862
9.36141
7.83319
6.71586
8.88156
7.77087
5.96776
7.20319
5.3366
6.64792
6.22973
6.4815
6.69518
8.17636
6.8355
9.17326
6.29754
6.54671
8.04996
7.52013
6.61843
6.23174
6.73659
7.73541
7.99008
7.27441
7.72643
8.51485
7.0675
8.3247
6.91809
7.12159
8.78999
7.24048
6.12421
8.80585
5.11569
5.81862
8.79524
7.96754
6.35398
5.89916
8.70492
8.57813
8.63107
7.19968
8.05861
8.21158
8.71215
8.36778
5.99512
7.08076
7.26905
9.02688
7.10945
8.30905
6.51894
7.75842
8.8484
6.96583
8.35661
8.79115
8.59409
8.82566
8.56169
6.91991
6.10697
7.72131
5.13996
9.85092
6.75327
6.94268
5.31742
5.80842
5.04825
8.43106
7.46299
6.25619
7.94771
9.27546
8.39913
6.40406
7.89576
5.89916
8.41774
7.86862
9.13431
7.12638
7.63876
7.02322
6.86562
5.51953
9.06277
10.4636
9.58405
6.09351
6.41606
7.03281
6.38752
8.50784
8.40568
10.0107
7.90205
7.85072
7.8933
7.95978
6.41626
8.95585
4.42674
4.90161
8.0292
9.31396
8.56356
8.00783
8.3995
8.08643
6.75106
6.48632
5.78515
5.34476
4.73085
6.68169
7.47616
7.89307
8.57711
7.34737
7.21418
6.13426
7.58431
8.89657
8.33094
8.13141
8.32482
9.87553
7.45933
9.82486
7.29617
8.92162
6.11469
5.78435
8.19872
8.49796
7.24175
7.66072
4.28351
8.9171
7.25031
6.35822
6.27843
7.97327
10.013
7.41243
6.97575
9.67062
7.49505
6.77753
6.62113
7.91217
8.41698
9.12117
7.00706
6.29066
8.62733
5.57626
8.65136
8.97866
8.98437
7.35285
7.38482
8.57124
8.26691
6.4966
7.58088
8.64887
6.99072
7.77083
5.34053
8.59169
8.48748
7.36711
7.38805
5.80835
5.3897
7.66373
8.02266
7.76022
9.10197
7.2148
8.49226
7.49141
6.97517
6.86477
7.86625
8.40944
7.14689
7.88976
7.18139
8.97218
8.82607
9.73843
6.29671
9.11411
7.24094
7.90378
8.51136
8.79921
8.21566
6.69873
8.54102
6.44201
6.81733
5.88927
9.39006
7.08322
7.94373
7.69596
8.51173
7.1648
6.17511
8.13114
6.51481
7.31715
6.40689
8.59518
6.39505
7.0249
6.39522
7.38916
7.97357
5.51253
8.96032
9.21725
7.04176
6.39302
6.46386
7.98818
5.44491
6.38167
8.03313
7.11353
7.74572
7.62925
7.04227
5.4074
7.79481
7.07014
8.12872
6.9842
5.31854
7.51874
6.08638
8.72833
9.24225
6.83624
8.3177
9.23476
8.0704
6.5389
6.9712
7.65741
8.66898
7.83248
5.89524
4.96648
7.9999
6.919
5.96374
5.56392
6.59463
7.03965
8.27048
5.44785
8.04617
5.55315
7.17544
7.06696
6.73889
5.59284
8.46259
7.65908
6.12074
8.18394
9.49921
8.0015
6.93107
7.29706
7.41234
7.69352
6.23948
9.86459
6.93731
8.39246
8.32885
8.28958
8.69919
7.04796
7.10978
4.78184
8.51764
6.79773
6.3508
6.77144
8.5068
8.79135
8.84535
8.19675
6.89161
8.77044
6.99537
5.72928
5.73436
8.61771
9.21218
5.86912
7.00592
7.94898
6.83719
8.42661
8.74584
6.45154
6.82245
8.47356
8.48762
7.68447
6.88792
9.85567
5.87749
6.60834
9.49379
7.01399
6.46586
9.47109
6.7451
7.56206
5.71771
9.93417
8.19069
7.85406
8.38414
7.98024
6.62548
9.15727
6.5819
5.01653
8.62189
7.30259
5.2676
9.19858
7.83662
7.61601
7.092
7.55968
7.717
7.01941
9.45927
7.40104
6.3959
8.0406
7.83121
8.19508
9.15813
8.23035
10.0261
3.94035
8.04293
6.41535
7.42166
4.89636
7.20801
5.83787
7.66389
8.63808
7.11415
8.57386
7.19404
6.85652
8.11194
6.84622
9.06828
8.34364
6.86101
7.69851
7.7834
8.41989
6.27346
9.34344
6.75629
5.25893
8.63999
7.85618
8.98791
6.07905
9.04183
7.58671
7.44375
7.17272
6.04699
8.26743
4.80288
8.37922
6.90989
6.87314
6.30982
7.29107
7.5473
5.05265
8.33219
7.43238
7.59681
7.68392
6.07881
7.44275
8.22538
9.50746
6.10824
6.55799
6.56754
9.40076
5.73332
7.81854
7.87484
7.05246
8.15383
7.27533
8.38007
7.86848
6.32107
5.0009
7.07733
6.73208
10.3523
8.24358
6.16051
9.07282
7.56717
8.85892
5.72287
8.02766
6.4761
7.20068
6.61548
10.2074
6.31208
8.09349
7.5133
9.19211
8.95676
6.15716
6.01512
7.94972
4.56136
5.49846
9.26754
6.91225
5.32626
7.59706
8.95735
6.44998
8.04105
7.22498
6.476
7.70123
5.55121
7.82693
6.8017
7.41002
7.22818
8.57976
7.87012
8.12274
7.90965
7.67833
7.90103
7.45929
7.82577
7.35466
6.77112
6.02854
7.38808
7.8371
7.81016
6.94632
6.79985
7.35697
7.81093
6.9363
8.16859
8.78499
9.29896
7.98368
8.09187
6.37384
9.51019
8.37326
8.41925
7.65528
10.0463
7.00348
8.09244
7.25005
10.377
6.7069
6.69979
7.98446
8.92445
7.81705
6.55521
8.64146
7.69485
8.17592
6.91975
8.51593
6.59716
6.82762
7.94929
6.9295
8.2455
6.95649
6.881
6.25009
9.69818
9.53337
7.14232
7.20695
7.64004
7.53116
8.40201
6.54261
7.98502
10.5263
6.72789
7.61537
5.73656
9.07545
9.08743
7.81069
7.09545
8.77928
7.48835
6.54927
7.08753
7.18719
7.09317
8.49389
7.88228
7.71021
5.59086
8.87537
7.18978
8.34157
6.09441
6.63175
7.17927
8.99397
7.91363
6.72263
5.10569
7.53338
7.44543
5.84074
7.72854
9.07588
7.70821
7.55142
8.44193
8.26615
6.98723
8.66781
6.05151
7.65349
8.08033
6.22476
6.51238
7.92454
9.59546
6.95673
6.42512
9.3798
8.22608
6.02258
9.2978
6.22236
9.99024
7.64963
6.52213
6.97448
5.48859
5.69022
8.16535
7.15614
7.64916
6.36238
6.94698
6.20759
8.52234
6.90636
7.63684
6.71246
8.89854
8.84033
8.92795
7.68326
6.7502
7.29156
7.09002
7.22412
7.69578
7.73029
8.95376
5.4369
7.55123
7.9503
10.9838
6.88582
7.0029
8.589
9.9857
6.72943
7.14306
7.40937
6.19297
6.98071
8.0955
7.67065
8.65377
8.99372
8.44816
6.56272
8.2057
4.34288
7.53847
7.13917
7.72524
6.03412
7.5416
6.10159
5.60196
8.72124
6.70734
8.49854
7.93503
7.01593
6.74663
8.39418
6.79501
7.45817
7.13649
8.01495
7.24378
5.8789
7.438
9.66959
7.96708
7.25658
6.99461
8.28646
5.91052
7.57543
6.30596
6.89908
9.45154
6.4004
9.02745
6.37259
7.50566
8.49114
8.01537
8.06664
6.43064
7.91729
8.6153
7.3158
8.12505
7.83796
6.02501
6.23582
7.8723
6.86225
7.67038
6.87707
6.22629
8.83222
8.17892
9.90767
8.58586
6.63987
10.1814
8.69855
8.93419
7.45277
7.91697
5.18214
8.86223
7.8794
6.15937
6.00478
4.83619
7.92148
6.7198
8.28847
7.44675
7.10446
6.90385
6.49152
8.06063
9.31386
6.67824
5.71806
7.72796
6.63827
5.92051
5.64695
8.23598
7.40725
7.14696
6.1754
9.12687
8.50836
7.69376
6.73565
7.88104
6.73997
5.77319
7.71077
6.81562
7.35571
6.74304
8.75457
6.57385
9.37308
6.49889
7.85103
7.44977
6.73354
6.62342
8.07402
8.6426
8.14052
9.18292
6.56238
6.75692
8.40811
7.49412
6.65521
6.34054
5.58674
8.03335
7.57032
6.58747
7.35842
9.40555
7.3424
7.14693
7.52474
5.81017
9.26253
7.16446
7.07643
9.35132
5.0606
8.23699
7.07885
8.8108
7.64332
5.90464
6.63371
9.04471
5.79601
7.36718
7.41214
8.49358
8.74529
6.48822
7.22836
7.16504
7.43438
7.11546
7.85258
5.76151
9.28829
7.84986
7.98327
7.35011
8.35043
6.9261
6.87726
6.63288
5.78904
9.25902
8.49255
7.05386
4.90486
4.89444
6.27654
7.0026
7.41825
7.92796
8.28572
8.11028
6.68191
8.2612
5.82559
8.57657
7.18676
9.05921
7.52596
8.76293
7.95674
6.35735
8.92462
6.92006
7.63663
7.10658
6.62718
8.06979
8.20255
7.29306
7.04222
7.69647
6.16129
7.54098
7.73554
7.30227
6.63904
7.69831
7.78113
7.07263
8.04195
7.15554
7.72555
5.94371
8.42746
9.85433
7.17099
6.19876
9.83258
7.29308
8.72738
7.22567
8.31149
6.53283
8.75023
6.89234
9.53565
8.08125
9.32394
7.84674
6.81354
6.30436
7.1481
6.50417
4.90614
7.37067
7.42054
7.90477
8.3642
8.72098
6.91582
5.67661
9.80816
8.12591
8.69516
5.11678
5.84118
7.66554
8.33096
8.10557
7.01177
8.71439
8.44176
6.61778
8.23476
7.33406
7.54771
5.69071
7.45433
7.65551
10.0895
9.49132
5.4136
8.8324
7.21556
7.70878
8.48361
8.14784
7.91933
7.7527
7.63061
7.31025
5.0905
8.03214
5.17155
6.59651
7.77728
6.83625
8.51281
6.00897
9.18141
8.70696
5.24985
7.31997
8.01595
9.03208
7.42057
6.55271
6.8174
7.49027
5.97953
6.60282
8.3534
7.06151
10.178
6.72237
7.38393
7.49043
7.00098
8.09676
7.64832
6.65707
7.76533
7.12324
7.85728
6.00883
5.64655
5.86262
7.85497
8.16737
6.54669
8.22957
6.88311
8.31714
7.2671
8.87517
8.94491
7.65959
5.45615
7.71447
7.66366
7.75421
7.51714
8.0188
6.74057
6.3209
8.22912
7.64041
6.43857
6.59298
6.95045
