1.09305 85.5123 2.3
2.39345 70.885 2.3
2.87099 68.3326 2.3
3.91707 66.0851 2.3
4.76298 61.8473 2.3
5.88435 52.1805 2.3
6.68944 53.4082 2.3
8.24484 39.5003 2.3
8.99529 35.7878 2.3
10.2679 33.3194 2.3
10.7732 31.3043 2.3
11.8792 30.5431 2.3
12.7278 22.7496 2.3
13.8384 20.0621 2.3
14.8849 16.374 2.3
15.7847 16.1499 2.3
17.2064 14.529 2.3
17.697 16.0706 2.3
19.2846 5.74187 2.3
20.0133 10.4022 2.3
20.8837 7.0331 2.3
22.1091 6.71229 2.3
22.8012 7.53197 2.3
23.8626 8.65699 2.3
24.9619 9.75682 2.3
26.0945 7.86002 2.3
26.9836 10.0571 2.3
27.8038 10.5538 2.3
29.6607 13.9162 2.3
29.9981 11.7707 2.3
30.8335 13.6095 2.3
31.9601 12.279 2.3
33.071 16.3867 2.3
33.797 20.4465 2.3
35.0938 26.9397 2.3
35.7155 26.0937 2.3
36.9973 35.5711 2.3
38.2503 39.4343 2.3
39.374 42.4656 2.3
40.0592 47.8834 2.3
41.2566 52.5918 2.3
41.7076 57.2648 2.3
42.6751 59.9183 2.3
44.2787 72.9262 2.3
44.8154 69.7325 2.3
46.3076 83.4758 2.3
46.9758 88.2481 2.3
47.9008 88.9472 2.3
49.0429 105.461 2.3
50.0067 107.827 2.3
