1.90644 1924.88 0.489236 0.9
2.92003 2945.36 0.0188956 0.9
4.12817 4158.06 0.244479 0.9
4.92023 4953.92 0.746729 0.9
5.99961 6040.36 0.385713 0.9
7.08735 7131.97 1.01454 0.9
8.02603 8076.82 0.704023 0.9
8.90971 8964.55 0.324168 0.9
10.0102 10070.1 1.43378 0.9
11.0297 11095.4 1.17029 0.9
11.8416 11912.2 0.555812 0.9
13.0209 13097 1.57619 0.9
13.9215 14003.4 1.26902 0.9
15.1409 15226.5 1.06948 0.9
16.051 16143.1 1.92186 0.9
17.0447 17140.2 1.77182 0.9
18.072 18174.4 2.02687 0.9
19.0627 19170.7 1.78299 0.9
20.0002 20112.1 2.35016 0.9
21.006 21121.2 1.69041 0.9
