0.965181 -98.3621 2.3
2.13607 -104.38 2.3
3.15221 -112.547 2.3
3.71505 -116.055 2.3
4.97269 -118.393 2.3
5.55626 -123.999 2.3
6.99787 -130.21 2.3
8.36709 -143.195 2.3
9.06428 -143.4 2.3
10.394 -149.6 2.3
11.1124 -151.833 2.3
12.085 -158.517 2.3
12.6064 -159.184 2.3
13.788 -161.606 2.3
14.7036 -164.993 2.3
15.9798 -165.562 2.3
16.4663 -163.692 2.3
18.1499 -170.651 2.3
18.9865 -168.85 2.3
20.2016 -173.262 2.3
20.8273 -168.248 2.3
22.1844 -172.255 2.3
22.8794 -174.325 2.3
23.9326 -175.106 2.3
25.009 -171.642 2.3
26.0577 -172.051 2.3
27.0373 -171.242 2.3
28.0342 -170.737 2.3
28.7047 -171.202 2.3
30.0991 -167.416 2.3
30.9969 -165.061 2.3
32.1815 -165.686 2.3
32.9216 -162.921 2.3
34.2492 -159.559 2.3
35.024 -157.661 2.3
35.853 -152.068 2.3
36.9794 -143.99 2.3
38.0254 -142.703 2.3
39.1572 -134.736 2.3
40.0321 -129.903 2.3
40.7895 -131.009 2.3
41.924 -127.47 2.3
43.1026 -118.768 2.3
43.9652 -111.356 2.3
45.1843 -106.995 2.3
45.7775 -100.298 2.3
47.0391 -90.0932 2.3
48.0915 -80.8791 2.3
48.8044 -77.7003 2.3
49.9019 -69.3687 2.3
