1.44886 3.12244 0.2
3.19647 2.34702 0.2
3.70291 2.41063 0.2
5.27623 2.05089 0.2
6.11151 1.92358 0.2
6.83264 1.69512 0.2
7.86254 1.80544 0.2
8.46723 1.4376 0.2
9.24955 1.18843 0.2
10.6438 1.31275 0.2
12.0889 1.30268 0.2
13.1776 0.929731 0.2
13.2705 1.10382 0.2
14.1768 0.96881 0.2
15.5567 0.660133 0.2
16.9009 1.15513 0.2
18.2598 0.943507 0.2
19.3219 0.281287 0.2
19.9128 0.841421 0.2
21.3191 0.513271 0.2
21.6329 0.64762 0.2
23.1781 0.526625 0.2
23.641 0.592186 0.2
25.1253 0.395295 0.2
25.6953 0.478117 0.2
25.8552 0.620111 0.2
28.4272 0.548381 0.2
29.3921 0.220364 0.2
29.7193 -0.0987928 0.2
31.0049 0.0663163 0.2
31.5322 0.112315 0.2
33.4977 0.148846 0.2
34.4105 0.117224 0.2
35.6409 0.0955246 0.2
35.7194 0.127581 0.2
36.387 0.451292 0.2
37.9981 0.369626 0.2
38.6429 0.439729 0.2
39.3198 0.464644 0.2
41.1302 0.284484 0.2
41.8357 0.0666766 0.2
42.835 -0.135106 0.2
44.0508 0.0660959 0.2
45.7213 0.291421 0.2
45.8661 0.276463 0.2
46.2078 0.361959 0.2
46.9528 0.270061 0.2
49.036 0.405739 0.2
49.6077 0.475279 0.2
50.7948 0.501119 0.2
