0.947269 -10.4296 5.3
1.84702 2.80287 5.3
2.96628 2.81862 5.3
3.88867 15.2687 5.3
4.86798 8.27843 5.3
6.14798 13.7015 5.3
7.27434 26.1156 5.3
8.04013 30.7125 5.3
9.18373 34.3877 5.3
10.023 32.5635 5.3
10.8981 39.5636 5.3
12.1648 43.2517 5.3
13.144 47.4061 5.3
13.7936 59.1689 5.3
14.8223 52.4414 5.3
16.004 56.8093 5.3
16.936 71.9159 5.3
17.917 74.7148 5.3
18.8125 73.6992 5.3
19.7435 89.4631 5.3
20.9025 83.8684 5.3
21.4717 84.1059 5.3
22.8861 90.166 5.3
24.1636 97.0946 5.3
24.9464 97.642 5.3
26.093 115.656 5.3
27.3935 106.899 5.3
27.871 109.869 5.3
28.9171 123.498 5.3
29.763 128.356 5.3
30.8843 124.658 5.3
31.6894 140.259 5.3
33.2448 131.541 5.3
33.9953 133.61 5.3
35.2679 144.997 5.3
35.7732 146.805 5.3
36.8792 158.52 5.3
37.7278 150.289 5.3
38.8384 156.031 5.3
39.8849 157.954 5.3
40.7847 165.757 5.3
42.2064 173.961 5.3
42.697 181.29 5.3
44.2846 168.505 5.3
45.0133 183.683 5.3
45.8837 180.712 5.3
47.1091 185.782 5.3
47.8012 190.466 5.3
48.8626 196.665 5.3
49.9619 202.067 5.3
