2.23262 10.7926 0.9
3.98363 13.8437 0.9
3.67748 13.0751 0.9
4.79268 18.1423 0.9
5.40746 20.309 0.9
6.71087 22.9815 0.9
7.2236 26.694 0.9
9.6121 31.614 0.9
9.98823 32.6528 0.9
11.6697 38.9961 0.9
11.4329 38.2534 0.9
12.6979 43.4794 0.9
13.3196 43.489 0.9
14.596 47.7477 0.9
15.7122 50.9081 0.9
16.4618 54.0241 0.9
18.5159 60.9545 0.9
18.2424 61.0677 0.9
20.7115 65.6449 0.9
21.0334 68.81 0.9
21.7094 69.9161 0.9
23.2726 74.9489 0.9
23.503 76.0821 0.9
24.6564 80.1397 0.9
25.9047 84.3435 0.9
27.2363 87.4818 0.9
27.959 90.282 0.9
28.5095 91.8241 0.9
31.6518 101.777 0.9
30.9952 98.6577 0.9
31.5837 100.54 0.9
32.9002 103.078 0.9
34.1774 107.491 0.9
34.4925 109.224 0.9
36.2345 115.524 0.9
36.2888 114.504 0.9
37.9932 121.587 0.9
39.6257 126.107 0.9
40.9349 129.353 0.9
41.148 130.843 0.9
42.6415 134.927 0.9
42.2691 134.658 0.9
43.1877 136.44 0.9
45.6967 145.578 0.9
45.5386 142.523 0.9
47.769 150.98 0.9
47.9396 151.574 0.9
48.752 151.785 0.9
50.1073 159.122 0.9
51.0168 159.942 0.9
