-5.44748
-5.80136
-5.52748
-6.81238
-4.94523
-5.17055
-6.32056
-5.11068
-5.39488
-5.17356
-5.37291
-5.61832
-5.65569
-5.43284
-5.67903
-5.98549
-5.66983
-5.7647
-5.15376
-5.83601
-5.91781
-6.35817
-5.44162
-4.7208
-5.31756
-6.01698
-5.95568
-5.32438
-5.39623
-5.78678
-5.38913
-5.25811
-5.69887
-4.89726
-5.48889
-6.26979
-5.16843
-5.88757
-5.42355
-6.4137
-4.83582
-5.20213
-5.25138
-5.6853
-6.14613
-6.22289
-5.60892
-6.15581
-5.76499
-5.89778
-4.87865
-4.95062
-5.59133
-5.7036
-5.46501
-5.36002
-4.76062
-5.8075
-4.89161
-5.27049
-4.9968
-5.42296
-6.06018
-5.00581
-5.59465
-6.35447
-4.89655
-6.30389
-5.53752
-5.60834
-5.6509
-4.70212
-4.89138
-5.06616
-5.55713
-4.62138
-5.39371
-5.9466
-6.24624
-4.82261
-5.97371
-4.87084
-5.35419
-5.12188
-4.77486
-5.38822
-5.43204
-6.20304
-5.26667
-4.99925
-5.12951
-5.96464
-5.62223
-6.37688
-5.56516
-5.58665
-5.89091
-5.14561
-5.79042
-6.759
-5.05475
-5.87992
-5.60269
-5.08902
-5.09251
-5.00288
-5.02396
-5.51898
-5.74
-5.95287
-5.95315
-6.09293
-5.51458
-5.51964
-5.8225
-5.10241
-6.22978
-4.36197
-6.1073
-5.90204
-5.51977
-5.09405
-4.96229
-5.42522
-6.16303
-4.32504
-5.31928
-5.91783
-5.53515
-5.63859
-4.96441
-5.86639
-5.48369
-5.76359
-4.99909
-5.97774
-5.20473
-5.25149
-5.94339
-6.56298
-6.00399
-5.74335
-4.32493
-6.83484
-5.92635
-6.0893
-4.87191
-6.14131
-4.9221
-5.65231
-4.97749
-5.60686
-5.41282
-5.82637
-5.52812
-4.92059
-6.40047
-5.47953
-3.91843
-5.08402
-5.67487
-5.616
-4.98744
-5.70735
-5.52254
-5.03559
-4.71515
-6.08193
-6.3893
-5.11177
-5.55844
-5.37411
-5.21317
-5.68615
-5.54855
-6.03408
-6.17175
-4.88109
-6.28075
-6.18009
-5.28024
-5.68017
-5.68857
-5.35975
-4.73959
-5.24772
-5.94446
-5.43342
-5.43396
-4.82843
-5.76866
-5.52874
-5.5932
-4.64806
-5.76097
-4.85306
-6.06078
-6.18875
-6.14342
-5.59809
-4.65796
-5.47585
-5.17686
-4.8899
-5.52164
-5.74726
-5.9131
-5.53334
-5.23476
-5.18581
-4.50476
-5.5691
-5.95628
-5.98004
-5.45075
-5.57304
-4.82386
-6.23547
-4.48807
-5.8333
-5.88528
-5.60622
-5.35507
-5.46021
-5.22936
-4.4877
-5.02142
-5.64281
-5.80368
-5.60482
-4.98514
-4.81228
-5.51993
-4.71797
-5.43126
-4.68927
-4.76938
-4.99491
-4.58426
-5.89798
-6.49536
-5.78399
-5.94153
-5.04458
-5.60617
-5.50096
-5.69184
-5.55909
-5.82964
-4.58038
-5.97738
-4.97622
-5.41909
-5.46526
-4.85651
-4.89677
-5.52809
-4.84029
-5.6324
-5.19169
-4.71618
-6.03463
-5.14825
-5.36637
-5.54196
-6.25832
-5.7698
-5.33087
-4.92698
-6.09078
-4.78222
-5.81902
-5.59111
-4.9978
-5.46024
-4.79013
-4.25696
-6.37194
-6.2504
-4.92166
-5.94863
-5.09416
-6.16397
-6.52819
-5.34545
-5.50064
-4.87981
-4.94684
-4.64054
-5.43484
-5.61859
-6.43971
-5.92875
-6.30792
-5.87098
-5.83788
-6.30146
-5.12907
-5.72244
-5.57967
-5.23729
-5.941
-5.47784
-5.36937
-5.76306
-5.63619
-5.83651
-5.75716
-6.1495
-5.59591
-4.86956
-5.42377
-5.7532
-5.93595
-5.80227
-5.64564
-5.20376
-5.73139
-5.73026
-5.27094
-5.87172
-5.23884
-5.65246
-5.64265
-5.56406
-5.92915
-6.12703
-5.57
-4.47659
-4.78291
-5.02222
-5.86507
-4.84535
-5.68704
-5.39249
-6.71715
-5.03956
-5.55994
-5.82238
-5.85584
-5.37951
-5.27577
-6.11213
-5.13165
-5.43586
-5.23485
-5.38326
-5.22988
-5.01612
-5.01757
-5.33949
-4.90325
-5.39949
-5.3835
-5.4238
-6.17876
-4.65958
-6.24553
-6.13448
-4.57256
-5.50133
-5.73808
-5.59936
-4.70552
-5.43539
-5.58115
-5.33773
-6.47304
-4.95675
-5.87604
-5.87749
-5.80703
-6.45928
-5.79943
-5.33684
-5.62681
-5.66229
-5.00118
-5.33695
-5.45505
-5.36548
-5.24613
-4.73412
-5.0595
-5.70539
-5.74753
-5.90909
-5.53724
-5.2096
-5.89472
-5.96989
-5.18084
-6.24736
-5.45789
-4.93231
-6.13297
-5.5509
-5.22983
-5.41186
-5.79266
-5.12357
-5.85648
-5.35765
-6.42228
-5.66229
-5.91675
-6.07942
-4.75177
-5.92624
-5.89808
-4.85297
-4.8415
-5.7483
-5.87798
-4.93005
-5.24018
-5.85566
-5.54838
-6.04072
-5.61559
-4.27955
-5.40055
-6.24065
-5.45325
-5.15142
-5.48904
-5.73126
-5.60432
-6.0953
-5.21462
-5.66354
-5.53022
-5.05352
-5.45701
-6.0032
-5.04475
-6.03954
-5.41242
-5.1031
-5.03865
-5.86167
-4.94378
-4.65226
-5.48855
-5.46886
-5.51732
-5.84783
-5.34168
-5.955
-4.37769
-5.47163
-5.20477
-5.00132
-6.09348
-5.195
-5.68211
-5.6008
-5.08713
-5.28212
-5.49566
-5.88479
-5.69765
-4.93453
-6.30048
-6.42925
-5.83056
-5.12021
-5.49217
-5.65361
-5.41417
-5.31159
-6.42023
-5.52637
-4.42729
-5.8479
-5.404
-5.7919
-4.6589
-5.19208
-5.68509
-6.63648
-6.14244
-5.51745
-5.71349
-5.44055
-5.0902
-5.03166
-5.87275
-5.70325
-5.49347
-5.77349
-6.56591
-6.27033
-6.07743
-5.69062
-6.29728
-5.28642
-5.1972
-6.45937
-5.33153
-5.60065
-5.73194
-5.50493
-5.49598
-5.53379
-4.82811
-4.23466
-5.75088
-4.86926
-5.52565
-5.35588
-6.48055
-4.62759
-5.21668
-5.56269
-5.20999
-6.07755
-5.89703
-6.06776
-5.34265
-6.32237
-4.86609
-5.02075
-5.34621
-5.20193
-5.38909
-4.42055
-5.34402
-5.11919
-5.50093
-5.80727
-5.58032
-5.65835
-5.27735
-5.61807
-6.37914
-5.49267
-5.58632
-5.22342
-5.2436
-5.53096
-5.5793
-5.422
-4.57573
-4.94531
-5.93321
-5.47523
-5.46284
-5.97587
-5.50447
-5.43746
-5.93979
-4.94635
-5.28676
-5.39005
-5.64784
-4.61867
-5.36222
-5.36639
-5.2077
-5.2803
-5.48653
-5.20296
-4.75522
-5.81906
-5.7544
-6.21488
-5.49669
-5.26449
-5.20922
-5.53617
-5.45658
-5.14687
-5.32116
-5.09749
-4.82819
-5.29268
-6.46006
-5.09792
-4.18191
-5.10392
-6.11449
-6.30122
-5.25878
-5.73311
-5.09103
-6.26254
-5.19418
-5.19082
-5.08653
-5.51003
-6.16822
-5.06841
-4.93856
-5.76479
-5.62016
-6.02457
-5.57156
-4.61705
-4.41058
-6.62813
-5.43805
-5.79792
-4.01527
-5.82966
-4.76883
-5.91171
-5.48611
-5.71056
-6.02812
-5.13557
-5.75874
-5.50314
-5.64282
-5.24819
-5.76505
-5.34226
-5.06395
-4.90519
-5.63762
-6.01779
-6.06045
-5.70848
-5.79118
-5.5617
-5.7967
-5.63199
-5.75044
-5.67492
-5.83384
-5.69121
-5.76324
-4.43081
-5.82951
-5.57028
-5.35316
-4.54364
-4.48296
-5.48918
-5.74309
-6.37906
-5.76757
-5.11488
-5.59406
-5.59934
-5.35106
-5.44615
-5.73714
-5.63019
-5.30506
-5.12649
-6.51254
-4.8274
-5.07038
-5.19295
-5.92626
-6.34773
-4.8533
-5.68121
-4.95653
-6.40875
-5.22966
-5.50329
-7.07083
-5.94446
-6.37742
-4.73283
-5.61459
-5.24866
-5.43141
-5.50899
-5.05066
-6.29989
-5.02777
-5.00908
-5.58145
-5.42617
-5.38175
-4.61731
-5.56208
-4.70021
-4.14217
-5.67162
-5.5559
-5.62163
-5.91815
-5.14007
-4.94811
-6.15802
-5.24665
-5.38421
-6.00372
-5.47249
-6.09755
-5.47665
-5.59154
-5.86346
-5.4982
-5.37413
-5.26193
-5.26006
-5.62485
-4.60209
-4.98463
-5.28203
-5.6639
-5.84334
-5.55666
-5.45625
-4.67197
-5.42966
-5.43738
-5.40809
-5.10123
-5.36931
-6.76956
-6.62066
-5.19839
-5.3542
-5.63749
-5.29112
-4.89862
-5.67804
-6.29967
-5.68083
-5.69089
-5.69285
-5.18309
-5.53076
-4.98731
-5.29117
-4.80952
-5.35242
-6.15882
-6.12103
-5.79048
-5.76446
-5.55843
-5.6355
-5.37352
-4.92973
-5.48243
-4.70097
-5.64849
-5.84138
-5.92078
-5.78935
-5.54176
-5.76549
-5.57957
-5.47972
-5.65884
-5.15844
-5.80057
-6.02584
-5.72923
-5.10579
-4.88638
-5.34438
-4.76486
-6.46147
-5.74525
-5.73751
-5.47991
-4.71744
-4.61791
-5.63416
-5.80341
-6.10409
-6.1499
-5.88345
-5.47906
-5.45931
-6.01923
-5.13942
-5.5217
-5.93115
-6.48348
-5.17081
-5.57464
-5.99025
-5.38166
-6.66588
-4.997
-4.56157
-6.27773
-5.50977
-5.20665
-5.83255
-4.49059
-5.33826
-5.48781
-5.15156
-5.15895
-5.98264
-4.76531
-5.12766
-5.29015
-6.21862
-4.75139
-5.4015
-5.35868
-5.39481
-6.13102
-5.14507
-5.69805
-5.91853
-6.21619
-5.11759
-5.97565
-5.33555
-5.40086
-5.30651
-5.3588
-5.25172
-5.06053
-5.46245
-5.99893
-5.46695
-6.00194
-5.07737
-6.06257
-5.79438
-5.39499
-5.06256
-5.46193
-4.81609
-5.99561
-5.43402
-5.59271
-5.86239
-5.76219
-5.36855
-5.60037
-5.66772
-5.83504
-4.9569
-5.1187
-4.00791
-5.41485
-5.10342
-5.72441
-5.66298
-4.62865
-5.03245
-5.27771
-5.0978
-5.22113
-5.87422
-5.75755
-5.27212
-5.23585
-5.52211
-5.78134
-5.57016
-5.26249
-4.85047
-5.1084
-5.64442
-5.35858
-5.22979
-5.34794
-5.45096
-5.71683
-5.46394
-5.70409
-5.76514
-5.26955
-6.32876
-6.50329
-5.87669
-5.4417
-4.72527
-5.98689
-5.51957
-5.24235
-5.24292
-5.38459
-5.02514
-5.93382
-6.00441
-5.48718
-6.22124
-5.08441
-4.97114
-4.77011
-5.00293
-5.14846
-4.83866
-5.6198
-5.98849
-4.3645
-5.42927
-5.89645
-5.55493
-5.27306
-5.47101
-5.3347
-4.86914
-6.54675
-5.65483
-5.01255
-5.06211
-5.73552
-6.40986
-5.86404
-5.64487
-5.22495
-5.78561
-5.07646
-5.04998
-4.72815
-5.6838
-5.83478
-6.06381
-4.64891
-5.64542
-6.48554
-5.31056
-5.52767
-5.07076
-4.98675
-5.86071
-6.04684
-4.93106
-4.68969
-5.13382
-4.82548
-5.25724
-5.55739
-7.14263
-5.66294
-5.81965
-4.6373
-5.17686
-4.90911
-4.76765
-5.83524
-6.00985
-6.03448
-4.48356
-5.26294
-6.21379
-5.78278
-4.58995
-5.65384
-5.99628
-5.3496
-5.57342
-5.15759
-5.0891
-4.9581
-5.89855
-5.61855
-5.85159
-5.05589
-5.91736
-6.30558
-5.4996
-5.1688
-5.19754
-5.7205
-4.86448
-5.32952
-5.2406
-5.54172
-5.67265
-6.51838
-4.9965
-5.91574
-6.08788
-5.12005
-5.98015
-5.37863
-5.1307
-5.44651
-5.08218
-4.91841
-5.18194
-5.48832
-5.81491
-5.57574
-5.84777
-5.58195
-4.91958
-6.07087
-6.26533
-4.68526
-4.9813
-5.73038
-5.77329
-4.91027
-6.04719
-4.61558
-6.21791
-5.92166
-5.35003
-6.03894
-6.34618
-5.84196
