1.90644 7.61953 0.489236 0.9
2.92003 12.4911 0.0188956 0.9
4.12817 14.6321 0.244479 0.9
4.92023 16.8493 0.746729 0.9
5.99961 21.75 0.385713 0.9
7.08735 23.4464 1.01454 0.9
8.02603 27.7327 0.704023 0.9
8.90971 30.023 0.324168 0.9
10.0102 32.9585 1.43378 0.9
11.0297 36.651 1.17029 0.9
11.8416 40.0003 0.555812 0.9
13.0209 43.1295 1.57619 0.9
13.9215 46.9978 1.26902 0.9
15.1409 48.2682 1.06948 0.9
16.051 52.9713 1.92186 0.9
17.0447 54.3514 1.77182 0.9
18.072 59.2333 2.02687 0.9
19.0627 62.8267 1.78299 0.9
20.0002 64.9607 2.35016 0.9
21.006 66.1521 1.69041 0.9
