0.871655 -1.09018 1.73946
2.91587 21.7086 1.9104
3.60124 24.0199 1.74156
6.09795 45.7571 1.9412
6.40662 48.262 1.96157
6.93274 55.3148 1.80092
8.73964 71.1124 2.01098
9.21637 75.1819 1.82029
9.82458 77.0409 1.89772
11.7066 94.1447 1.78393
11.3367 98.5781 1.95822
12.7619 110.43 1.74876
14.6249 126.673 1.81926
15.9659 139.587 1.90261
15.3758 132.586 1.87502
16.28 138.589 1.77707
17.6082 152.008 2.00423
19.3243 169.584 1.9427
20.7848 185.533 1.92111
20.2714 174.775 1.87219
22.3373 197.157 1.76607
23.0736 201.766 2.03182
24.1153 211.578 2.04777
25.9147 226.771 2.04429
26.3301 230.932 1.8705
26.7545 238.85 1.9473
27.5605 246.122 1.78583
28.7495 255.07 2.13175
29.5283 260.688 1.59628
30.974 275.005 1.987
33.272 292.116 1.8504
32.5081 288.59 1.89509
34.0575 304.577 1.91099
34.1921 303.118 1.83265
36.3402 323.162 1.97611
36.6617 323.214 1.82833
37.9317 340.208 1.67813
39.1999 348.999 1.99692
40.9177 361.19 1.93214
40.7243 366.634 1.81704
42.2809 375.935 1.94248
42.0171 370.917 1.75146
43.47 386.12 1.75182
44.3637 395.818 1.88657
44.6659 400.947 1.97496
46.761 417.696 1.98613
48.504 432.905 1.81367
50.013 449.17 1.96662
49.6984 444.307 1.86631
50.7826 454.507 1.99586
