2.0927 228.992 0.398841 0.9
3.07936 332.586 0.395733 0.9
4.20399 451.4 0.344603 0.9
5.16671 553.975 0.783312 0.9
5.89269 629.425 0.343017 0.9
7.00122 745.926 0.199913 0.9
7.99654 849.236 0.814087 0.9
9.05654 962.668 0.851175 0.9
10.1272 1073.58 0.911864 0.9
11.0148 1168.72 0.948981 0.9
11.7743 1246.56 0.695818 0.9
12.9832 1375.59 1.32952 0.9
13.9202 1472.22 0.916707 0.9
15.2196 1608.32 1.64556 0.9
16.0813 1698.74 1.79284 0.9
16.9865 1794.95 1.4014 0.9
18.1479 1916.71 2.14775 0.9
19.0433 2010.68 1.66518 0.9
19.9649 2105.8 1.98965 0.9
21.1413 2229.43 1.76592 0.9
