1.88977 8.02037 0.306859 0.9
2.94758 11.7979 0.399725 0.9
4.05525 18.0802 0.47243 0.9
5.02056 22.6036 0.396648 0.9
5.97251 28.6294 0.277589 0.9
6.95413 31.4153 0.334097 0.9
7.92877 37.9322 0.846201 0.9
9.08862 43.9717 0.758498 0.9
9.8541 47.9227 0.4915 0.9
11.0089 52.6473 0.809714 0.9
11.9802 60.1232 1.3539 0.9
13.1221 64.8021 0.760676 0.9
13.9826 69.5929 1.58971 0.9
14.9728 73.0004 1.63421 0.9
16.0356 79.1775 1.38816 0.9
17.0503 84.4823 1.62104 0.9
17.9391 88.9725 1.10702 0.9
19.0933 95.4445 2.16096 0.9
20.0784 99.0535 1.83944 0.9
20.7712 103.242 1.66722 0.9
