0.779544 12.1272 1.3
2.07859 11.3482 1.3
2.88117 13.4072 1.3
4.11049 14.5327 1.3
5.0446 15.7709 1.3
5.93306 16.1216 1.3
6.94502 19.0779 1.3
7.78689 18.2757 1.3
8.69982 18.461 1.3
9.85753 21.7973 1.3
11.0356 24.209 1.3
12.0711 23.7837 1.3
12.7082 25.8238 1.3
13.6707 26.7221 1.3
14.8227 26.9403 1.3
15.9603 32.2943 1.3
17.1039 33.0272 1.3
18.1287 30.5381 1.3
18.9651 35.5767 1.3
20.1276 35.5379 1.3
20.8531 37.5803 1.3
22.0712 38.9882 1.3
22.8564 40.7206 1.3
24.0501 41.5752 1.3
24.8781 43.52 1.3
25.5421 45.5325 1.3
27.1709 48.0609 1.3
28.1568 47.6668 1.3
28.8877 46.8476 1.3
30.002 49.9271 1.3
30.8129 51.6579 1.3
32.1991 54.4472 1.3
33.1642 55.9958 1.3
34.2563 57.8672 1.3
34.8878 59.2112 1.3
35.7548 62.9181 1.3
36.9992 64.7403 1.3
37.8572 66.8101 1.3
38.7279 68.6244 1.3
40.0521 70.0185 1.3
40.9343 70.3101 1.3
41.934 70.9558 1.3
43.0203 74.4133 1.3
44.2885 78.418 1.3
44.9464 79.6346 1.3
45.6831 81.6752 1.3
46.5811 82.9085 1.3
48.0144 86.7575 1.3
48.8431 88.932 1.3
49.9179 91.3596 1.3
