2.39831 15.9016 0.7
3.9132 16.1976 0.7
3.46664 15.7937 0.7
4.14495 16.8928 0.7
5.6133 18.3402 0.7
6.86986 20.2014 0.7
8.26049 21.7388 0.7
8.33472 21.4414 0.7
10.2256 23.2656 0.7
11.318 26.0406 0.7
12.1394 26.5882 0.7
13.3673 28.1293 0.7
13.441 26.8032 0.7
15.3356 30.4749 0.7
15.9348 30.8179 0.7
17.2556 31.7965 0.7
17.9362 31.9661 0.7
18.3856 32.2404 0.7
19.4619 33.1311 0.7
20.7225 36.6871 0.7
21.3451 37.3136 0.7
22.4921 37.0445 0.7
24.1428 39.6798 0.7
24.4988 39.4016 0.7
26.2203 40.8752 0.7
27.5121 43.8651 0.7
28.4268 43.6117 0.7
29.5342 44.6625 0.7
29.0846 45.4407 0.7
31.3008 48.6844 0.7
32.5233 48.6976 0.7
32.7519 48.6272 0.7
33.6619 51.6132 0.7
34.6708 50.0404 0.7
36.3858 51.89 0.7
37.2862 53.9126 0.7
37.7715 54.4976 0.7
39.3302 55.3721 0.7
39.366 56.3774 0.7
40.7728 56.5787 0.7
42.2782 58.3136 0.7
43.4415 60.2474 0.7
43.8959 60.8897 0.7
44.583 60.8525 0.7
45.2687 63.7836 0.7
46.7604 63.9591 0.7
47.5881 64.7174 0.7
48.6753 66.7643 0.7
50.1269 68.6438 0.7
51.4181 69.9802 0.7
